
Model3: [0.45105928 0.42516938 0.40793842 0.42220521]
Model3: [0.4171637  0.3685824  0.36107641 0.39248839]

Model3: [0.54359144 0.52414119 0.5478828  0.55001384]
Model3: [0.52919161 0.48278299 0.51896733 0.54071248]
